---
build/assets/img/brand-cfa92a4a.png: 2016-01-22 09:12:05.000000000 +00:00
build/assets/img/student-95f8735b.jpg: 2016-01-23 01:19:45.000000000 +00:00
